PL/0 code:

  0  JMP        7   
  1  JMP        2   
  2  INC        6   
  3  LOD    1   4   
  4  LOD    1   5   
  5  ADD            
  6  RET            
  7  INC        6   
  8  LIT       10   
  9  STO    0   4   
 10  LIT      100   
 11  STO    0   5   
 12  CAL    0   2   
 13  HLT            

Execution:
                      pc   bp   sp   stack
                       0    1    0
  0  JMP        7      7    1    0   
  7  INC        6      8    1    6   0 0 0 0 0 0 
  8  LIT       10      9    1    7   0 0 0 0 0 0 10 
  9  STO    0   4     10    1    6   0 0 0 0 10 0 
 10  LIT      100     11    1    7   0 0 0 0 10 0 100 
 11  STO    0   5     12    1    6   0 0 0 0 10 100 
 12  CAL    0   2      2    7    6   0 0 0 0 10 100 
  2  INC        6      3    7   12   0 0 0 0 10 100 | 0 1 1 13 0 0 
  3  LOD    1   4      4    7   13   0 0 0 0 10 100 | 0 1 1 13 0 0 10 
  4  LOD    1   5      5    7   14   0 0 0 0 10 100 | 0 1 1 13 0 0 10 100 
  5  ADD               6    7   13   0 0 0 0 10 100 | 0 1 1 13 0 0 110 
  6  RET              13    1    6   0 0 0 0 10 100 
 13  HLT              14    1    6   0 0 0 0 10 100 
