PL/0 code:

  0  JMP       32   
  1  JMP        2   
  2  INC        4   
  3  LOD    1   4   
  4  LOD    1   5   
  5  ADD            
  6  STO    1   6   
  7  RET            
  8  INC        4   
  9  LOD    1   4   
 10  LOD    1   5   
 11  SUB            
 12  STO    1   7   
 13  RET            
 14  INC        4   
 15  LOD    1   6   
 16  LOD    1   7   
 17  ADD            
 18  STO    1   8   
 19  RET            
 20  INC        4   
 21  LOD    1   8   
 22  LIT        2   
 23  DIV            
 24  STO    1  10   
 25  RET            
 26  INC        4   
 27  LOD    1   6   
 28  LOD    1   4   
 29  SUB            
 30  STO    1   9   
 31  RET            
 32  INC       11   
 33  LIT      100   
 34  STO    0   4   
 35  LIT       10   
 36  STO    0   5   
 37  CAL    0   2   
 38  CAL    0   8   
 39  CAL    0  14   
 40  CAL    0  20   
 41  CAL    0  26   
 42  HLT            

Execution:
                      pc   bp   sp   stack
                       0    1    0
  0  JMP       32     32    1    0   
 32  INC       11     33    1   11   0 0 0 0 0 0 0 0 0 0 0 
 33  LIT      100     34    1   12   0 0 0 0 0 0 0 0 0 0 0 100 
 34  STO    0   4     35    1   11   0 0 0 0 100 0 0 0 0 0 0 
 35  LIT       10     36    1   12   0 0 0 0 100 0 0 0 0 0 0 10 
 36  STO    0   5     37    1   11   0 0 0 0 100 10 0 0 0 0 0 
 37  CAL    0   2      2   12   11   0 0 0 0 100 10 0 0 0 0 0 
  2  INC        4      3   12   15   0 0 0 0 100 10 0 0 0 0 0 | 0 1 1 38 
  3  LOD    1   4      4   12   16   0 0 0 0 100 10 0 0 0 0 0 | 0 1 1 38 100 
  4  LOD    1   5      5   12   17   0 0 0 0 100 10 0 0 0 0 0 | 0 1 1 38 100 10 
  5  ADD               6   12   16   0 0 0 0 100 10 0 0 0 0 0 | 0 1 1 38 110 
  6  STO    1   6      7   12   15   0 0 0 0 100 10 110 0 0 0 0 | 0 1 1 38 
  7  RET              38    1   11   0 0 0 0 100 10 110 0 0 0 0 
 38  CAL    0   8      8   12   11   0 0 0 0 100 10 110 0 0 0 0 
  8  INC        4      9   12   15   0 0 0 0 100 10 110 0 0 0 0 | 0 1 1 39 
  9  LOD    1   4     10   12   16   0 0 0 0 100 10 110 0 0 0 0 | 0 1 1 39 100 
 10  LOD    1   5     11   12   17   0 0 0 0 100 10 110 0 0 0 0 | 0 1 1 39 100 10 
 11  SUB              12   12   16   0 0 0 0 100 10 110 0 0 0 0 | 0 1 1 39 90 
 12  STO    1   7     13   12   15   0 0 0 0 100 10 110 90 0 0 0 | 0 1 1 39 
 13  RET              39    1   11   0 0 0 0 100 10 110 90 0 0 0 
 39  CAL    0  14     14   12   11   0 0 0 0 100 10 110 90 0 0 0 
 14  INC        4     15   12   15   0 0 0 0 100 10 110 90 0 0 0 | 0 1 1 40 
 15  LOD    1   6     16   12   16   0 0 0 0 100 10 110 90 0 0 0 | 0 1 1 40 110 
 16  LOD    1   7     17   12   17   0 0 0 0 100 10 110 90 0 0 0 | 0 1 1 40 110 90 
 17  ADD              18   12   16   0 0 0 0 100 10 110 90 0 0 0 | 0 1 1 40 200 
 18  STO    1   8     19   12   15   0 0 0 0 100 10 110 90 200 0 0 | 0 1 1 40 
 19  RET              40    1   11   0 0 0 0 100 10 110 90 200 0 0 
 40  CAL    0  20     20   12   11   0 0 0 0 100 10 110 90 200 0 0 
 20  INC        4     21   12   15   0 0 0 0 100 10 110 90 200 0 0 | 0 1 1 41 
 21  LOD    1   8     22   12   16   0 0 0 0 100 10 110 90 200 0 0 | 0 1 1 41 200 
 22  LIT        2     23   12   17   0 0 0 0 100 10 110 90 200 0 0 | 0 1 1 41 200 2 
 23  DIV              24   12   16   0 0 0 0 100 10 110 90 200 0 0 | 0 1 1 41 100 
 24  STO    1  10     25   12   15   0 0 0 0 100 10 110 90 200 0 100 | 0 1 1 41 
 25  RET              41    1   11   0 0 0 0 100 10 110 90 200 0 100 
 41  CAL    0  26     26   12   11   0 0 0 0 100 10 110 90 200 0 100 
 26  INC        4     27   12   15   0 0 0 0 100 10 110 90 200 0 100 | 0 1 1 42 
 27  LOD    1   6     28   12   16   0 0 0 0 100 10 110 90 200 0 100 | 0 1 1 42 110 
 28  LOD    1   4     29   12   17   0 0 0 0 100 10 110 90 200 0 100 | 0 1 1 42 110 100 
 29  SUB              30   12   16   0 0 0 0 100 10 110 90 200 0 100 | 0 1 1 42 10 
 30  STO    1   9     31   12   15   0 0 0 0 100 10 110 90 200 10 100 | 0 1 1 42 
 31  RET              42    1   11   0 0 0 0 100 10 110 90 200 10 100 
 42  HLT              43    1   11   0 0 0 0 100 10 110 90 200 10 100 
